2018    11    28    2.61E+18    2.57E+18    2.68E+18    97.48    95.72    100.00
2018    11    29    2.51E+18    2.45E+18    2.55E+18    98.29    96.08    100.00
2018    11    30    2.67E+18    2.66E+18    2.74E+18    97.67    97.34    99.40
2018    12    1    3.10E+18    3.07E+18    3.15E+18    98.23    97.43    100.00
2018    12    2    3.02E+18    3.02E+18    3.08E+18    98.26    98.01    100.00
2018    12    3    2.96E+18    2.95E+18    3.01E+18    98.31    98.04    100.00
2018    12    4    3.06E+18    3.05E+18    3.11E+18    98.25    97.96    100.00
2018    12    5    3.01E+18    2.90E+18    3.07E+18    98.23    94.53    100.00
2018    12    6    2.89E+18    2.88E+18    2.94E+18    98.23    97.94    100.00
2018    12    7    2.89E+18    2.81E+18    2.94E+18    98.22    95.62    100.00
2018    12    8    3.04E+18    3.03E+18    3.09E+18    98.24    97.94    100.00
2018    12    9    2.64E+18    2.62E+18    2.68E+18    98.29    97.66    100.00
2018    12    10    2.77E+18    2.77E+18    2.86E+18    97.00    96.71    100.00
2018    12    11    2.98E+18    2.97E+18    3.03E+18    98.24    97.95    100.00
2018    12    12    1.98E+18    1.83E+18    2.02E+18    98.06    90.72    100.00
2018    12    13    2.84E+18    2.83E+18    2.89E+18    98.20    97.91    100.00
2018    12    14    2.82E+18    2.81E+18    2.87E+18    98.25    97.97    100.00
2018    12    15    2.39E+18    2.39E+18    2.89E+18    82.74    82.47    86.20
2018    12    16    1.64E+18    1.64E+18    3.12E+18    52.55    52.53    60.90
2018    12    17    6.98E+17    6.98E+17    2.96E+18    23.58    23.57    23.80
2018    12    18    1.44E+18    1.44E+18    1.77E+18    81.44    81.41    99.90
2018	12	19	2.32E+18	1.94E+18	2.88E+18	80.61	67.37	87.5
2018	12	20	2.28E+18	2.20E+18	3.01E+18	75.67	72.89	78.5
2018	12	21	2.67E+18	2.18E+18	2.78E+18	95.83	78.32	98.3
2018	12	22	2.89E+18	2.78E+18	2.97E+18	97.47	93.75	96.1
2018	12	23	3.11E+18	3.03E+18	3.16E+18	98.21	95.85	100
2018	12	24	3.14E+18	3.12E+18	3.20E+18	98.06	97.43	100
2018	12	25	3.17E+18	3.11E+18	3.23E+18	98.24	96.31	100
2018	12	26	1.92E+18	1.91E+18	3.04E+18	63.11	62.85	100
2018	12	27	2.66E+18	2.66E+18	3.14E+18	84.85	84.59	99.2
2018	12	28	2.66E+18	2.43E+18	2.78E+18	95.84	87.34	100
2018	12	29	3.12E+18	3.11E+18	3.18E+18	98.15	97.86	100
2018	12	30	3.10E+18	2.73E+18	3.15E+18	98.31	86.55	100
2018	12	31	3.14E+18	3.13E+18	3.20E+18	98.26	97.97	100
2019	1	1	2.66E+18	2.65E+18	2.71E+18	98.19	97.86	100.00
2019	1	2	2.93E+18	2.86E+18	3.06E+18	95.63	93.50	97.50
2019	1	3	3.14E+18	2.83E+18	3.20E+18	98.22	88.35	100.00
2019	1	4	2.79E+18	2.78E+18	2.85E+18	98.20	97.88	100.00
2019	1	5	3.13E+18	1.74E+18	3.19E+18	98.21	54.73	100.00
2019	1	6	3.13E+18	0.00E+00	3.19E+18	98.22	0.00	100.00
2019	1	7	2.56E+18	2.65E+17	2.61E+18	98.20	10.15	100.00
